[gd_scene load_steps=22 format=2]

[ext_resource path="res://scenes/mansion/mansion.tscn" type="PackedScene" id=1]
[ext_resource path="res://scenes/props/keys/rigid_key.tscn" type="PackedScene" id=2]
[ext_resource path="res://assets/hdri/day.hdr" type="Texture" id=3]
[ext_resource path="res://scenes/Game.gd" type="Script" id=4]
[ext_resource path="res://scenes/ui/menus/pause_menu.tscn" type="PackedScene" id=5]
[ext_resource path="res://scenes/props/keys/static_key.tscn" type="PackedScene" id=6]
[ext_resource path="res://resources/animations/day_night_cycle.tres" type="Animation" id=7]
[ext_resource path="res://scenes/prefabs/draggable/draggable.tscn" type="PackedScene" id=8]
[ext_resource path="res://scenes/props/secret_lid.tscn" type="PackedScene" id=9]
[ext_resource path="res://scenes/player/player.tscn" type="PackedScene" id=10]
[ext_resource path="res://scenes/environment/crickets.tscn" type="PackedScene" id=11]

[sub_resource type="BoxShape" id=12]
extents = Vector3( 15.3, 1, 19.4 )

[sub_resource type="BoxShape" id=7]
extents = Vector3( 16.6, 6, 1 )

[sub_resource type="BoxShape" id=13]
extents = Vector3( 2.2, 6, 0.4 )

[sub_resource type="BoxShape" id=14]
extents = Vector3( 0.411042, 6, 0.4 )

[sub_resource type="BoxShape" id=8]
extents = Vector3( 16.6, 6, 1 )

[sub_resource type="BoxShape" id=9]
extents = Vector3( 1, 6, 18.61 )

[sub_resource type="BoxShape" id=10]
extents = Vector3( 1, 6, 18.648 )

[sub_resource type="BoxShape" id=11]
extents = Vector3( 1, 14.6, 18.648 )

[sub_resource type="PanoramaSky" id=5]
panorama = ExtResource( 3 )

[sub_resource type="Environment" id=6]
background_mode = 2
background_sky = SubResource( 5 )
ss_reflections_enabled = true
ss_reflections_max_steps = 512
dof_blur_far_distance = 22.39
dof_blur_near_enabled = true
dof_blur_near_distance = 0.75
glow_enabled = true

[node name="Game" type="Spatial"]
script = ExtResource( 4 )
day_night_cycle_speed_ratio = 0.034

[node name="dead_zone" type="Area" parent="."]
collision_layer = 0
collision_mask = 10

[node name="CollisionShape" type="CollisionShape" parent="dead_zone"]
transform = Transform( 1, 0, 0, 0, 1, 0, 0, 0, 1, 6.2, -4, -1 )
shape = SubResource( 12 )

[node name="level_limits" type="Spatial" parent="."]

[node name="front" type="StaticBody" parent="level_limits"]
transform = Transform( 1, 0, 0, 0, 1, 0, 0, 0, 1, 6.8, 3, 18.6 )

[node name="CollisionShape" type="CollisionShape" parent="level_limits/front"]
shape = SubResource( 7 )

[node name="ramp_door_gap" type="CollisionShape" parent="level_limits/front"]
transform = Transform( 1, 0, 0, 0, 1, 0, 0, 0, 1, 9.90945, 0, -1.03293 )
shape = SubResource( 13 )

[node name="exit_door_gap" type="CollisionShape" parent="level_limits/front"]
transform = Transform( 1, 0, 0, 0, 1, 0, 0, 0, 1, -9.74562, 0, -1.03293 )
shape = SubResource( 14 )

[node name="back" type="StaticBody" parent="level_limits"]
transform = Transform( 1, 0, 0, 0, 1, 0, 0, 0, 1, 6.8, 3, -19.9601 )

[node name="CollisionShape" type="CollisionShape" parent="level_limits/back"]
transform = Transform( 1, 0, 0, 0, 1, 0, 0, 0, 1, 0, 0, 0.146582 )
shape = SubResource( 8 )

[node name="left" type="StaticBody" parent="level_limits"]
transform = Transform( 1, 0, 0, 0, 1, 0, 0, 0, 1, 20.4832, 3, -0.702972 )

[node name="CollisionShape" type="CollisionShape" parent="level_limits/left"]
transform = Transform( 1, 0, 0, 0, 1, 0, 0, 0, 1, -0.265863, 0, 0 )
shape = SubResource( 9 )

[node name="right" type="StaticBody" parent="level_limits"]
transform = Transform( 1, 0, 0, 0, 1, 0, 0, 0, 1, -6.78562, 3, -0.695821 )

[node name="CollisionShape" type="CollisionShape" parent="level_limits/right"]
transform = Transform( 1, 0, 0, 0, 1, 0, 0, 0, 1, 0.168871, 0, 0 )
shape = SubResource( 10 )

[node name="top" type="StaticBody" parent="level_limits"]
transform = Transform( 1, 0, 0, 0, 1, 0, 0, 0, 1, 7.1, 9.9, -0.7 )

[node name="CollisionShape" type="CollisionShape" parent="level_limits/top"]
transform = Transform( -4.37114e-08, 1, 0, -1, -4.37114e-08, 0, 0, 0, 1, 0, 0, 0 )
shape = SubResource( 11 )

[node name="mansion" parent="." instance=ExtResource( 1 )]

[node name="environment" type="Spatial" parent="."]

[node name="WorldEnvironment" type="WorldEnvironment" parent="environment"]
environment = SubResource( 6 )

[node name="earth_rotation_day" type="Spatial" parent="environment"]
transform = Transform( 0.866025, 0.5, 0, -0.277785, 0.481138, 0.831469, 0.415735, -0.720074, 0.55557, 0, 0, 0 )

[node name="Sun" type="DirectionalLight" parent="environment/earth_rotation_day"]
transform = Transform( 0.984808, 0, -0.173648, 0, 1, 0, 0.173648, 0, 0.984808, 0, 0, 37.484 )
light_color = Color( 0.840523, 0.810458, 0.899346, 1 )
shadow_enabled = true
directional_shadow_split_1 = 0.045
directional_shadow_split_2 = 0.097
directional_shadow_split_3 = 0.144
directional_shadow_normal_bias = 0.0

[node name="earth_rotation_night" type="Spatial" parent="environment"]
transform = Transform( 0.866025, 0.5, 0, 0.277785, -0.481138, 0.831469, 0.415735, -0.720074, -0.55557, 0, 0, 0 )

[node name="Moon" type="DirectionalLight" parent="environment/earth_rotation_night"]
transform = Transform( 0.984808, 0, -0.173648, 0, 1, 0, 0.173648, 0, 0.984808, 0, 0, 37.484 )
light_color = Color( 0.25098, 0.290196, 0.568627, 1 )
light_energy = 0.0
shadow_enabled = true
directional_shadow_split_1 = 0.045
directional_shadow_split_2 = 0.097
directional_shadow_split_3 = 0.144
directional_shadow_normal_bias = 0.0

[node name="crickets" parent="environment" instance=ExtResource( 11 )]

[node name="AnimationPlayer" type="AnimationPlayer" parent="environment"]
unique_name_in_owner = true
anims/day_night_cycle = ExtResource( 7 )

[node name="collectibles" type="Spatial" parent="."]

[node name="key" parent="collectibles" instance=ExtResource( 8 )]
transform = Transform( -4.37114e-08, 1, 0, 0.258819, 1.13133e-08, -0.965926, -0.965926, -4.22219e-08, -0.258819, -1.03082, 1.85496, 4.1096 )
static_scene = ExtResource( 6 )
rigid_scene = ExtResource( 2 )

[node name="key2" parent="collectibles" instance=ExtResource( 8 )]
transform = Transform( 3.09086e-08, 0.707107, -0.707107, 1, -4.37114e-08, 0, -3.09086e-08, -0.707107, -0.707107, 14.2357, 3.05682, 17.3599 )
static_scene = ExtResource( 6 )
rigid_scene = ExtResource( 2 )

[node name="key3" parent="collectibles" instance=ExtResource( 8 )]
transform = Transform( -3.77377e-15, 4.37114e-08, -1, 1, 7.54979e-08, -4.73656e-16, 7.54979e-08, -1, -4.37114e-08, 10.3942, 0.55682, -1.6554 )
static_scene = ExtResource( 6 )
rigid_scene = ExtResource( 2 )

[node name="key4" parent="collectibles" instance=ExtResource( 8 )]
transform = Transform( 1.70699e-08, 1, -3.90806e-08, 0.258819, -4.2167e-08, -0.965926, -0.965926, 6.3735e-09, -0.258819, 7.8, 6.16519, 2.72397 )
static_scene = ExtResource( 6 )
rigid_scene = ExtResource( 2 )

[node name="key5" parent="collectibles" instance=ExtResource( 8 )]
transform = Transform( 1.70699e-08, 1, -3.90806e-08, 0.258819, -4.2167e-08, -0.965926, -0.965926, 6.3735e-09, -0.258819, 12.8, 0.5, 2.7 )
static_scene = ExtResource( 6 )
rigid_scene = ExtResource( 2 )

[node name="props" type="Spatial" parent="."]

[node name="secret_lid" parent="props" instance=ExtResource( 9 )]

[node name="player" parent="." instance=ExtResource( 10 )]
transform = Transform( 1, 0, 0, 0, 1, 0, 0, 0, 1, -2.8, 0.3, 16.5 )

[node name="pause_menu" parent="." instance=ExtResource( 5 )]

[connection signal="body_entered" from="dead_zone" to="." method="_on_dead_zone_body_entered"]

[editable path="mansion"]
