[gd_scene load_steps=8 format=2]

[ext_resource path="res://scenes/mansion/manor.tscn" type="PackedScene" id=1]
[ext_resource path="res://assets/hdri/kloofendal_48d_partly_cloudy_puresky_1k.hdr" type="Texture" id=3]
[ext_resource path="res://scenes/Game.gd" type="Script" id=4]
[ext_resource path="res://scenes/props/keys/key.tscn" type="PackedScene" id=5]
[ext_resource path="res://scenes/player/ExtendedPlayer.tscn" type="PackedScene" id=7]

[sub_resource type="PanoramaSky" id=3]
panorama = ExtResource( 3 )

[sub_resource type="Environment" id=2]
background_mode = 2
background_sky = SubResource( 3 )

[node name="Game" type="Spatial"]
script = ExtResource( 4 )

[node name="entorno" type="Spatial" parent="."]

[node name="WorldEnvironment" type="WorldEnvironment" parent="entorno"]
environment = SubResource( 2 )

[node name="DirectionalLight" type="DirectionalLight" parent="entorno"]
transform = Transform( 0.730664, 0.657973, -0.182215, -0.0799213, 0.347483, 0.934274, 0.678044, -0.668077, 0.306479, 0, 28.9156, 22.6258 )
shadow_enabled = true

[node name="ExtendedPlayer" parent="." instance=ExtResource( 7 )]
transform = Transform( 1, 0, 0, 0, 1, 0, 0, 0, 1, -1.48562, 0.403911, 14.0351 )
mouse_sensitivity = Vector2( 0.2, 0.2 )
mouse_acceleration = 0.25
max_speed = 3.5
default_fov = 60.0
sprint_fov = 70.0

[node name="collectibles" type="Spatial" parent="."]

[node name="key" parent="collectibles" instance=ExtResource( 5 )]
transform = Transform( 0.0801215, 0.831033, 0.550422, -0.995384, 0.0959669, 0, -0.0528224, -0.547882, 0.834886, 1.81541, 1.18543, 8.34187 )

[node name="key2" parent="collectibles" instance=ExtResource( 5 )]
transform = Transform( -3.48036e-08, -0.796213, 0.605016, 1, -4.37114e-08, 0, 2.64461e-08, 0.605016, 0.796213, 12.3897, -1.76394, -0.322 )

[node name="manor" parent="." instance=ExtResource( 1 )]
